Actual Values:  [1 0 4 ... 4 1 4]
Predicted Values:  [4 2 4 ... 4 4 2]
Score:  0.357
[[  0  30  35   0  17]
 [  0 160 293   0 165]
 [  0 140 388   0 280]
 [  0  70 312   0 270]
 [  0  54 263   0 523]]
              precision    recall  f1-score   support

           0       0.00      0.00      0.00        82
           1       0.35      0.26      0.30       618
           2       0.30      0.48      0.37       808
           3       0.00      0.00      0.00       652
           4       0.42      0.62      0.50       840

   micro avg       0.36      0.36      0.36      3000
   macro avg       0.21      0.27      0.23      3000
weighted avg       0.27      0.36      0.30      3000